A: 8.804808741029
B: 1.000003194454
To convert Open Ephys time (x) to Picto time (y) : y = A+Bx